100
75 -84
70 59
-15 -46
22 25
10 5
63 -37
-61 32
-6 67
42 31
-16 73
62 6
74 27
-79 -82
-27 76
34 -21
-70 18
18 3
-73 79
-88 -92
-3 -73
-35 -54
48 -71
-25 -86
-76 97
-54 -91
-14 -66
-92 60
-11 -59
67 39
25 85
86 16
57 41
5 -55
71 -9
23 57
-98 62
7 2
64 -90
-26 -97
14 -31
-80 55
-40 42
-87 46
-75 -5
58 14
97 63
69 43
-31 -30
88 -19
44 0
-36 -23
-43 -80
-48 84
-90 65
-59 -60
-84 68
-96 -72
13 -68
-86 93
73 -99
-68 50
77 -35
-45 -25
93 35
-52 83
65 -16
55 21
35 99
6 8
29 -57
-77 -58
60 -94
27 40
-47 -48
30 9
87 -50
1 58
17 19
11 78
-99 69
-37 -85
-93 -13
49 89
72 -7
79 -10
3 98
33 61
-10 4
78 95
-22 91
31 -44
91 77
-23 -24
-67 -15
61 -79
-66 -18
83 90
12 -89
68 -40
84 -77
